
Spain 
	 42 	 	 2020-03-04 
	 85 	 	 2020-04-16 
	 140 	 	 2020-06-10 	 57 
	 169 	 	 2020-07-09 	 86 
	 0.104 	 	 0.14 
	 0.0034 	 0.0768 	 3.45 
	 36.0162 	 18.0081 	 12.005 

Italy 
	 20 	 	 2020-02-11 
	 107 	 	 2020-05-08 
	 231 	 	 2020-09-09 	 148 
	 298 	 	 2020-11-15 	 215 
	 0.128 	 	 0.203 
	 0.0025 	 0.0321 	 2.641 
	 33.8825 	 16.9412 	 11.294 

France 
	 35 	 	 2020-02-26 
	 101 	 	 2020-05-02 
	 189 	 	 2020-07-29 	 106 
	 235 	 	 2020-09-13 	 152 
	 0.109 	 	 0.164 
	 0.0026 	 0.0469 	 2.038 
	 22.3055 	 11.1528 	 7.435 

